1704146400,-1.7139
1704232800,4.9535
1704319200,-4.0541
1704405600,-13.7216
1704664800,-7.2183
1704751200,-0.8563
1704837600,-5.5499
1704924000,10.9914
1705010400,-0.5776
1705269600,8.0281
1705356000,-11.4458
1705442400,7.1591
1705528800,15.4226
1705960800,-0.6876
1706047200,20.5650
1706133600,-3.9939
1706220000,8.1492
1706479200,5.7542
1706652000,-19.3100
1706738400,-18.0820
1706824800,47.1769
1707084000,-8.2435
1707170400,0.0974
1707256800,21.6937
1707429600,3.0090
1707688800,3.0232
1707775200,-8.7890
1707861600,18.4412
1708293600,-1.2479
1708380000,-16.7527
1708466400,1.1418
1708552800,57.0303
1708898400,-6.4938
1708984800,-11.3960
1709071200,8.7226
1709157600,4.7946
1709503200,-3.6299
1709589600,-13.8209
1709676000,3.2505
1709848800,-8.8134
1710108000,1.9895
1710194400,16.2590
1710367200,1.1395
1710453600,17.7731
1710712800,4.2313
1710885600,5.0186
1711058400,-1.9065
1711317600,-0.7956
1711404000,1.1980
1711490400,-0.6117
1711576800,24.2807
1711922400,1.4261
1712008800,-0.2689
1712095200,1.6977
1712241000,-34.5422
1712527200,-2.7722
1712613600,-9.0737
1712700000,28.0500
1712786400,-3.0405
1712872800,-3.9063
1713218400,-11.2107
1713304800,-3.0752
1713391200,-1.1419
1713474900,-47.8514
1713736800,-2.8679
1713823200,-25.7910
1713909600,12.4565
1713996000,-24.6669
1714082400,41.8224
1714341600,6.4981
1714428000,-1.2482
1714500000,-51.4738
1714600800,18.7448
1714946400,-1.1304
1715032800,13.0942
1715205600,0.0530
1715292000,11.1939
1715551200,4.0840
1715637600,-0.2039
1715896800,-3.8990
1716242400,0.4337
1716415200,24.7040
1716501600,2.3711
1716760800,-7.7848
1716847200,-2.7872
1716933600,-3.7314
1717020000,-30.1809
1717106400,-23.8195
1717365600,12.7108
1717452000,31.2985
1717538400,19.4259
1717711200,17.0336
1717970400,-4.7831
1718056800,-0.3612
1718316000,7.4494
1718575200,2.7055
1718661600,-5.1736
1718748000,5.9484
1718920800,-5.8332
1719180000,-13.3323
1719266400,-4.6615
1719352800,11.4376
1719439200,-6.0865
1719525600,28.7638
1719784800,4.9437
1719871200,-8.0595
1719957600,7.5959
1720130400,3.0951
1720389600,-4.8061
1720476000,9.3110
1720562400,1.0326
1720735200,4.6115
1720994400,5.4336
1721253600,10.7533
1721340000,7.6488
1721599200,-3.0812
1721685600,-6.4800
1721757600,-34.4609
1721858400,-16.3538
1721922300,-50.1786
1722204000,18.6583
1722290400,-20.9974
1722376800,15.0428
1722549600,-5.1363
1722808800,-34.5389
1722895200,59.5726
1722981600,20.4982
1723068000,-11.3169
1723154400,2.3050
1723413600,11.7253
1723500000,13.0228
1724104800,22.3161
1724191200,-3.5716
1724277600,0.4672
1724364000,12.0439
1724623200,6.4325
1724709600,3.2960
1724882400,-6.6471
1724968800,-28.6947
1725228000,-0.0776
1725314400,-0.9405
1725400800,-36.4695
1725487200,-3.8475
1725573600,-14.1614
1725832800,22.3404
1726092000,44.7869
1726437600,3.4436
1726524000,1.9874
1726610400,11.8004
1726696800,31.7026
1727128800,-6.0857
1727215200,-1.7411
1727301600,22.7616
1727647200,-5.8688
1727733600,37.3015
1727820000,-13.4621
1727906400,-9.8167
1727992800,16.1989
1728252000,0.6797
1728338400,-25.6681
1728424800,2.3544
1728597600,12.2159
1728856800,-1.6883
1729029600,-6.2463
1729116000,-4.6245
1729202400,-8.6567
1729461600,-1.5719
1729548000,0.9438
1729634400,-7.4235
1729720800,41.5671
1729807200,6.3028
1730066400,3.3863
1730152800,-5.2298
1730239200,5.5529
1730325600,-33.8521
1730412000,-14.3212
1730671200,19.0967
1730757600,-9.3633
1730844000,85.3400
1731276000,-4.8853
1731362400,-0.7622
1731448800,-13.1187
1731535200,-17.7694
1731621600,-28.1133
1732140000,19.6482
1732572000,-1.9295
1732658400,12.6018
1732744800,3.9056
1732831200,12.3883
1733176800,6.5709
1733263200,10.1725
1733436000,-3.0121
1733695200,-1.0771
1733781600,-14.1877
1733868000,-6.3143
1733954400,-11.9156
1734040800,-10.5020
1734300000,6.9009
1734472800,7.4565
1734533100,-45.8708
1734638400,-49.9480
1734904800,1.9285
1734991200,15.7207
1735250400,-3.4877
1735509600,-7.8453
1735596000,-21.7795
1735768800,14.6880
1735855200,42.7204
1736114400,-7.5612
1736200800,-6.2490
1736287200,-15.2057
1736373600,4.3339
1736460000,0.1494
1736719200,-19.0764
1736805600,35.7442
1736892000,17.1675
1736978400,5.3164
1737064800,-1.0927
1737324000,2.7650
1737410400,34.6132
1737496800,17.9044
1737669600,22.3134
1737928800,-19.5940
1738015200,23.2523
1738188000,40.5964
1738274400,42.8030
1738533600,-17.7079
1738620000,-9.5141
1738706400,-22.6325
1738792800,13.0354
1738879200,16.8806
1739138400,22.8896
1739311200,4.8645
1739397600,19.9230
1739743200,5.5095
1739829600,2.8666
1739916000,33.3664
1740002400,-6.7848
1740088800,10.4342
1740348000,9.2889
1740434400,-21.2225
1740520800,28.0532
1740607200,23.9449
1740668400,-52.8443
1740952800,3.6792
1741014000,-65.3328
1741125600,-6.4719
1741212000,-19.6356
1741298400,29.6004
1741557600,18.4313
1741644000,41.5395
1741730400,-19.9840
1741816800,-15.1088
1741903200,27.9294
1742162400,-6.2961
1742248800,-32.3018
1742335200,10.8437
1742508000,5.8968
1742940000,12.3359
1743026400,15.9134
1743112800,-14.5493
1743372000,-1.5902
1743458400,6.4499
1743631200,39.1727
1743717600,-42.4208
1743976800,89.0125
1744126200,-129.3418
1744236000,72.4709
1744322400,-4.8844
1744668000,-7.5858
1744754400,-39.5302
1744840800,21.7555
1745186400,-36.4348
1745272800,80.1524
1745532000,27.3298
1745791200,-13.9174
1745877600,51.3274
1745964000,-4.3051
1746050400,85.7857
1746136800,36.6455
1746396000,-29.5883
1746482400,-45.1728
1746568800,34.3060
1746655200,69.8101
1746741600,16.0852
1747000800,-2.4466
1747173600,-15.0706
1747260000,-11.7077
1747346400,-0.7193
1747605600,-2.8499
1747692000,-2.7203
1747778400,-14.0721
1747864800,-18.6257
1747951200,-17.8989
1748210400,26.2960
1748296800,-3.6916
1748383200,-1.2553
1748469600,70.2785
1748556000,-4.7415
1748815200,-15.5844
1748901600,6.2773
1749074400,-2.5628
1749160800,-10.7378
1749420000,-6.3702
1749506400,11.3905
1749592800,6.9160
1749679200,-13.0632
1749759300,-74.4078
1750024800,19.8844
1750197600,1.5895
1750284000,-17.4740
1750370400,7.4074
1750629600,7.1571
1750888800,10.5292
1751320800,23.6220
1751407200,-10.0006
1751493600,5.9524
1751839200,-3.9694
1751925600,5.8465
1752012000,-1.8726
1752098400,-1.2423
1752184800,-32.7792
1752444000,4.3995
1752616800,-33.5642
1752703200,-2.1882
1752789600,14.1410
1753048800,9.2411
1753221600,15.2792
1753394400,16.3746
1753653600,2.1056
1753740000,16.1687
1753826400,5.5982
1753912800,70.3327
1753999200,-8.3221
1754258400,29.6213
1754431200,-6.0635
1754517600,17.0229
1754604000,43.7730
1754863200,6.8854
1754949600,-1.9713
1755036000,-1.7841
1755122400,3.0704
1755208800,18.5976
1755468000,5.8255
1755554400,1.8111
1755640800,-7.7573
1755727200,23.3433
1755813600,4.0170
1756072800,-7.7603
1756153800,-40.9009
1756245600,25.1611
1756332000,9.6047
1756418400,0.2911
1756764000,-12.6493
1756850400,29.4547
1756936800,37.1549
1757282400,12.8441
1757368800,14.3973
1757541600,12.1367
1757887200,0.3473
1757973600,62.0704
1758060000,-2.5153
1758146400,36.6835
1758492000,-0.1385
1758664800,6.0375
1758751200,16.4316
1758837600,19.7135
1759183200,-0.7688
1759269600,-1.9556
1759442400,7.3382
1759701600,7.3242
1759788000,2.1312
1759874400,13.3343
1760047200,25.2235
1760306400,24.8355
1760479200,27.3040
1760565600,7.0391
1760652000,5.0587
1760911200,7.0286
1760997600,0.2926
1761084000,-7.3742
1761170400,42.9282
1761516000,6.3175
1761775200,34.3445
1761861600,29.0071
1762120800,-7.4858
1762207200,-24.5708
1762287300,-53.5500
1762380000,-28.2856
1762466400,-28.3480
1762984800,3.0389
1763071200,13.2212
1763330400,27.9252
1763416800,-14.0654
1763503200,-31.8731
1763589600,91.4365
1763676000,-3.3462
1763935200,3.0447
1764108000,31.7548
1764280800,2.2148
1764540000,-20.2127
1764626400,-19.3914
1764712800,10.0254
1764885600,17.1037
1765144800,8.7855
1765231200,23.0382
1765317600,-9.4860
1765404000,-35.8511
1765490400,9.8071
1765749600,20.5304
1765836000,-34.4695
1765922400,26.7276
1766008800,-13.2414
1766095200,-9.5734
1766700000,-5.8267
1766959200,-5.6990
1767045600,3.8040
1767132000,-8.7851
1767195900,-42.1956
1767304800,17.6061
1767736800,-0.9587
1767823200,-29.2021
1767909600,10.7067
1768168800,-30.1886
1768255200,-8.2959
1768341600,10.9031
1768428000,17.9011
1768773600,-5.9888
1768860000,0.5093
1768946400,9.7172
1769378400,28.2040
1769637600,4.8695
1769724000,0.1746
1769983200,-28.6589
1770069600,-2.9988
1770156000,33.5321
1770242400,17.0351
1770314400,-60.3843
1770674400,-20.9514
1770760800,3.5995
1770847200,0.0091
1770933600,-21.6551
1771192800,8.1082
1771279200,-40.8797
1771365600,-19.4046
1771452000,0.0223
1771538400,20.7135
1771797600,-45.1764
1771884000,21.9153
1772143200,-12.9610
1772402400,10.2236
1772575200,-37.6907
1772661600,-29.1884
1772748000,45.8039
1773007200,-16.2597
1773093600,56.5314
1773266400,-48.6927
1773352800,4.2281
1773612000,39.6496
1773784800,17.0315
1773871200,-11.0298
1773957600,-6.5729
1774216800,0.1261
1774389600,4.8489
1774476000,-13.6658
1774562400,7.6643
1774821600,10.3631
1774908000,76.6369
1775080800,-26.4759
1775426400,19.9306
1775599200,185.1364
1775685600,6.4127
1775772000,7.1539
