Omega Sweep Harness S51 X3 -- pairwise 2-factor (490 combos/engine)
ticks: /Users/jo/Tick/duka_ticks/XAUUSD_2024-03_2026-04_combined.csv
n_ticks: 154265439
wall_time: 1235.3s (20.6 min)

========== HBG top-50 by score ==========
combo  min_range max_range sl_frac   tp_rr     trail_frac  trades   wr%  total_pnl   stddev_q      score
261    6.0000    25.3984   0.4200    1.5874    0.2500         49  63.3       0.56     0.2825     0.4377
247    6.0000    16.0000   0.4200    1.5874    0.2500         41  63.4       0.48     0.1469     0.4221
28     7.5595    16.0000   0.4200    2.0000    0.2500         31  64.5       0.39     0.0767     0.3652
212    6.0000    25.3984   0.3334    2.0000    0.2500         49  53.1       0.46     0.3119     0.3527
0      3.0000    16.0000   0.4200    2.0000    0.2500         53  62.3       0.40     0.1368     0.3504
314    6.0000    25.3984   0.4200    2.0000    0.5000         49  61.2       0.46     0.3096     0.3483
23     6.0000    25.3984   0.4200    2.0000    0.2500         49  61.2       0.46     0.3096     0.3483
313    6.0000    25.3984   0.4200    2.0000    0.3969         49  61.2       0.46     0.3096     0.3483
312    6.0000    25.3984   0.4200    2.0000    0.3150         49  61.2       0.46     0.3096     0.3483
311    6.0000    25.3984   0.4200    2.0000    0.2500         49  61.2       0.46     0.3096     0.3483
310    6.0000    25.3984   0.4200    2.0000    0.1984         49  61.2       0.46     0.3096     0.3483
309    6.0000    25.3984   0.4200    2.0000    0.1575         49  61.2       0.46     0.3096     0.3483
262    6.0000    25.3984   0.4200    2.0000    0.2500         49  61.2       0.46     0.3096     0.3483
213    6.0000    25.3984   0.4200    2.0000    0.2500         49  61.2       0.46     0.3096     0.3483
308    6.0000    25.3984   0.4200    2.0000    0.1250         49  61.2       0.46     0.3149     0.3462
259    6.0000    25.3984   0.4200    1.0000    0.2500         48  70.8       0.44     0.2818     0.3462
245    6.0000    16.0000   0.4200    1.0000    0.2500         40  70.0       0.39     0.1228     0.3442
295    6.0000    16.0000   0.4200    2.0000    0.1575         41  61.0       0.37     0.1257     0.3298
296    6.0000    16.0000   0.4200    2.0000    0.1984         41  61.0       0.37     0.1257     0.3298
298    6.0000    16.0000   0.4200    2.0000    0.3150         41  61.0       0.37     0.1257     0.3298
299    6.0000    16.0000   0.4200    2.0000    0.3969         41  61.0       0.37     0.1257     0.3298
21     6.0000    16.0000   0.4200    2.0000    0.2500         41  61.0       0.37     0.1257     0.3298
300    6.0000    16.0000   0.4200    2.0000    0.5000         41  61.0       0.37     0.1257     0.3298
199    6.0000    16.0000   0.4200    2.0000    0.2500         41  61.0       0.37     0.1257     0.3298
248    6.0000    16.0000   0.4200    2.0000    0.2500         41  61.0       0.37     0.1257     0.3298
297    6.0000    16.0000   0.4200    2.0000    0.2500         41  61.0       0.37     0.1257     0.3298
42     12.0000   16.0000   0.4200    2.0000    0.2500         11  72.7       0.36     0.1195     0.3190
246    6.0000    16.0000   0.4200    1.2599    0.2500         41  63.4       0.36     0.1332     0.3175
294    6.0000    16.0000   0.4200    2.0000    0.1250         41  61.0       0.34     0.1147     0.3087
14     4.7622    16.0000   0.4200    2.0000    0.2500         43  58.1       0.33     0.1102     0.2999
211    6.0000    25.3984   0.2646    2.0000    0.2500         49  53.1       0.35     0.2661     0.2783
7      3.7798    16.0000   0.4200    2.0000    0.2500         50  60.0       0.30     0.0963     0.2717
197    6.0000    16.0000   0.2646    2.0000    0.2500         41  53.7       0.30     0.0942     0.2708
260    6.0000    25.3984   0.4200    1.2599    0.2500         49  63.3       0.33     0.2328     0.2699
198    6.0000    16.0000   0.3334    2.0000    0.2500         41  53.7       0.29     0.1181     0.2601
251    6.0000    16.0000   0.4200    4.0000    0.2500         41  61.0       0.31     0.2021     0.2554
265    6.0000    25.3984   0.4200    4.0000    0.2500         49  61.2       0.28     0.3136     0.2129
250    6.0000    16.0000   0.4200    3.1748    0.2500         41  61.0       0.25     0.1786     0.2101
35     9.5244    16.0000   0.4200    2.0000    0.2500         19  63.2       0.21     0.0861     0.1961
249    6.0000    16.0000   0.4200    2.5198    0.2500         41  61.0       0.20     0.1605     0.1728
196    6.0000    16.0000   0.2100    2.0000    0.2500         40  50.0       0.18     0.0622     0.1708
258    6.0000    20.1587   0.4200    4.0000    0.2500         44  59.1       0.21     0.2405     0.1703
264    6.0000    25.3984   0.4200    3.1748    0.2500         49  61.2       0.22     0.2987     0.1696
2      3.0000    25.3984   0.4200    2.0000    0.2500         58  58.6       0.18     0.2353     0.1459
263    6.0000    25.3984   0.4200    2.5198    0.2500         49  61.2       0.17     0.2879     0.1344
201    6.0000    16.0000   0.6667    2.0000    0.2500         41  68.3       0.14     0.1367     0.1235
254    6.0000    20.1587   0.4200    1.5874    0.2500         44  61.4       0.10     0.1342     0.0925
210    6.0000    25.3984   0.2100    2.0000    0.2500         48  50.0       0.10     0.1684     0.0865
200    6.0000    16.0000   0.5292    2.0000    0.2500         41  63.4       0.10     0.1601     0.0834
257    6.0000    20.1587   0.4200    3.1748    0.2500         44  59.1       0.08     0.2120     0.0646

========== EMACross top-50 by score ==========
(filtered 74 degenerate combos; 416 evaluated)
combo  fast_period slow_period rsi_lo    rsi_hi    sl_mult    trades   wr%  total_pnl   stddev_q      score
385    9.0000    15.0000   80.0000   25.0000   1.5000          0   0.0       0.00     0.0000     0.0000
387    9.0000    15.0000   80.0000   39.6850   1.5000          4  25.0      -0.04     0.0114    -0.0443
386    9.0000    15.0000   80.0000   31.4980   1.5000          4  25.0      -0.04     0.0114    -0.0443
378    9.0000    15.0000   63.4960   25.0000   1.5000         40  42.5      -0.26     0.0222    -0.2503
379    9.0000    15.0000   63.4960   31.4980   1.5000         44  40.9      -0.30     0.0244    -0.2935
380    9.0000    15.0000   63.4960   39.6850   1.5000         44  40.9      -0.30     0.0244    -0.2935
244    9.0000    30.0000   80.0000   50.0000   1.5000       1678  45.4     -10.09     1.6198    -3.8503
243    9.0000    30.0000   63.4960   50.0000   1.5000       1708  45.3     -10.23     1.6389    -3.8751
288    9.0000    30.0000   40.0000   31.4980   1.5000       1363  44.0      -9.46     1.4250    -3.9024
289    9.0000    30.0000   40.0000   39.6850   1.5000       1363  44.0      -9.46     1.4250    -3.9024
287    9.0000    30.0000   40.0000   25.0000   1.5000       1360  44.1      -9.23     1.3633    -3.9076
83     11.0000   15.0000   80.0000   50.0000   1.5000       2802  45.3     -19.30     3.6899    -4.1142
90     14.0000   15.0000   80.0000   50.0000   1.5000       2412  45.8     -15.59     2.7830    -4.1210
82     11.0000   15.0000   63.4960   50.0000   1.5000       2869  45.3     -19.69     3.7741    -4.1248
48     18.0000   30.0000   40.0000   50.0000   1.5000       2401  45.3     -15.87     2.7986    -4.1782
89     14.0000   15.0000   63.4960   50.0000   1.5000       2521  46.0     -16.17     2.8543    -4.1947
280    9.0000    24.0000   40.0000   25.0000   1.5000       1583  43.7     -10.03     1.2997    -4.3596
183    14.0000   15.0000   40.0000   50.0000   0.9449       4255  45.9     -27.82     5.3683    -4.3679
281    9.0000    24.0000   40.0000   31.4980   1.5000       1585  43.7     -10.05     1.2951    -4.3769
282    9.0000    24.0000   40.0000   39.6850   1.5000       1585  43.7     -10.05     1.2951    -4.3769
134    14.0000   15.0000   40.0000   31.4980   1.5000       2177  43.7     -16.59     2.7634    -4.4081
135    14.0000   15.0000   40.0000   39.6850   1.5000       2177  43.7     -16.59     2.7634    -4.4081
230    9.0000    19.0000   80.0000   50.0000   1.5000       2551  45.5     -17.12     2.8450    -4.4535
229    9.0000    19.0000   63.4960   50.0000   1.5000       2579  45.5     -17.31     2.8816    -4.4591
133    14.0000   15.0000   40.0000   25.0000   1.5000       2148  43.6     -16.02     2.5855    -4.4673
336    9.0000    30.0000   40.0000   50.0000   0.7500       2786  40.7     -16.45     2.6511    -4.5049
47     18.0000   24.0000   40.0000   50.0000   1.5000       2825  45.8     -18.20     3.0113    -4.5373
184    14.0000   15.0000   40.0000   50.0000   1.1906       4393  46.9     -29.59     5.4982    -4.5531
46     18.0000   19.0000   40.0000   50.0000   1.5000       3329  45.0     -24.32     4.3195    -4.5717
98     5.0000    15.0000   40.0000   25.0000   1.5000       1724  42.6     -11.91     1.5996    -4.5797
99     5.0000    15.0000   40.0000   31.4980   1.5000       1724  42.6     -11.91     1.5996    -4.5797
100    5.0000    15.0000   40.0000   39.6850   1.5000       1724  42.6     -11.91     1.5996    -4.5797
182    14.0000   15.0000   40.0000   50.0000   0.7500       4075  41.5     -26.03     4.6754    -4.5864
107    6.0000    15.0000   40.0000   39.6850   1.5000       1749  43.7     -11.73     1.5488    -4.6013
105    6.0000    15.0000   40.0000   25.0000   1.5000       1749  43.7     -11.73     1.5488    -4.6013
106    6.0000    15.0000   40.0000   31.4980   1.5000       1749  43.7     -11.73     1.5488    -4.6013
434    9.0000    15.0000   80.0000   50.0000   0.7500       2840  40.3     -17.99     2.8627    -4.6584
427    9.0000    15.0000   63.4960   50.0000   0.7500       2875  40.4     -18.12     2.8865    -4.6633
39     14.0000   19.0000   40.0000   50.0000   1.5000       3836  45.1     -27.23     4.8309    -4.6702
337    9.0000    30.0000   40.0000   50.0000   0.9449       2855  44.8     -17.24     2.6675    -4.6995
428    9.0000    15.0000   63.4960   50.0000   0.9449       2934  44.6     -19.56     3.1577    -4.7040
338    9.0000    30.0000   40.0000   50.0000   1.1906       2944  46.7     -18.27     2.8792    -4.7096
435    9.0000    15.0000   80.0000   50.0000   0.9449       2898  44.5     -19.46     3.1300    -4.7128
237    9.0000    24.0000   80.0000   50.0000   1.5000       2092  45.7     -12.60     1.6572    -4.7424
34     11.0000   30.0000   40.0000   50.0000   1.5000       2860  45.0     -17.96     2.7619    -4.7734
436    9.0000    15.0000   80.0000   50.0000   1.1906       2944  45.8     -19.92     3.1701    -4.7772
236    9.0000    24.0000   63.4960   50.0000   1.5000       2122  45.7     -12.74     1.6493    -4.8075
429    9.0000    15.0000   63.4960   50.0000   1.1906       2981  45.9     -20.02     3.1627    -4.8101
442    9.0000    15.0000   40.0000   25.0000   0.9449       2150  43.9     -14.87     2.0795    -4.8276
456    9.0000    15.0000   40.0000   39.6850   0.9449       2154  43.9     -14.89     2.0740    -4.8448

========== AsianRange top-50 by score ==========
combo  buffer    min_range max_range sl_ticks  tp_ticks   trades   wr%  total_pnl   stddev_q      score
146    1.0000    3.0000    50.0000   160.0000  200.0000      336  43.5      -0.12     0.1554    -0.1039
355    0.5000    3.0000    31.4980   127.0000  200.0000      294  36.1      -0.27     0.1554    -0.2316
348    0.5000    3.0000    25.0000   127.0000  200.0000      262  35.5      -0.29     0.1259    -0.2543
480    0.5000    3.0000    50.0000   127.0000  252.0000      354  31.1      -0.33     0.2107    -0.2699
362    0.5000    3.0000    39.6850   127.0000  200.0000      324  35.8      -0.32     0.1362    -0.2830
347    0.5000    3.0000    25.0000   101.0000  200.0000      262  28.6      -0.39     0.1751    -0.3308
481    0.5000    3.0000    50.0000   127.0000  317.0000      354  26.0      -0.41     0.2006    -0.3423
49     0.2500    3.0000    25.0000   80.0000   200.0000      271  22.9      -0.43     0.1941    -0.3618
356    0.5000    3.0000    31.4980   160.0000  200.0000      294  40.5      -0.42     0.1301    -0.3716
383    0.5000    3.0000    79.3701   127.0000  200.0000      382  35.3      -0.44     0.1616    -0.3761
482    0.5000    3.0000    50.0000   127.0000  400.0000      354  21.8      -0.44     0.1619    -0.3769
139    0.7937    3.0000    50.0000   160.0000  200.0000      345  40.9      -0.44     0.1681    -0.3801
145    1.0000    3.0000    50.0000   127.0000  200.0000      336  34.8      -0.44     0.1500    -0.3837
124    0.5000    3.0000    50.0000   127.0000  200.0000      354  35.0      -0.44     0.1409    -0.3865
369    0.5000    3.0000    50.0000   127.0000  200.0000      354  35.0      -0.44     0.1409    -0.3865
479    0.5000    3.0000    50.0000   127.0000  200.0000      354  35.0      -0.44     0.1409    -0.3865
271    0.5000    3.0000    50.0000   127.0000  200.0000      354  35.0      -0.44     0.1409    -0.3865
257    0.5000    1.8899    50.0000   127.0000  200.0000      354  35.0      -0.44     0.1409    -0.3865
264    0.5000    2.3811    50.0000   127.0000  200.0000      354  35.0      -0.44     0.1409    -0.3865
250    0.5000    1.5000    50.0000   127.0000  200.0000      354  35.0      -0.44     0.1409    -0.3865
278    0.5000    3.7798    50.0000   127.0000  200.0000      354  35.0      -0.44     0.1409    -0.3865
195    1.0000    3.0000    50.0000   80.0000   400.0000      336  14.0      -0.43     0.1109    -0.3889
131    0.6300    3.0000    50.0000   127.0000  200.0000      349  34.7      -0.48     0.1826    -0.4022
354    0.5000    3.0000    31.4980   101.0000  200.0000      294  28.2      -0.47     0.1686    -0.4031
349    0.5000    3.0000    25.0000   160.0000  200.0000      262  39.7      -0.45     0.1068    -0.4048
138    0.7937    3.0000    50.0000   127.0000  200.0000      345  34.5      -0.49     0.1898    -0.4120
285    0.5000    4.7622    50.0000   127.0000  200.0000      351  34.8      -0.47     0.1308    -0.4141
363    0.5000    3.0000    39.6850   160.0000  200.0000      324  40.4      -0.47     0.1049    -0.4236
376    0.5000    3.0000    62.9961   127.0000  200.0000      373  34.9      -0.49     0.1463    -0.4241
144    1.0000    3.0000    50.0000   101.0000  200.0000      336  28.9      -0.47     0.1073    -0.4280
193    1.0000    3.0000    50.0000   80.0000   252.0000      336  19.9      -0.46     0.0828    -0.4282
292    0.5000    6.0000    50.0000   127.0000  200.0000      347  34.6      -0.48     0.1255    -0.4291
473    0.5000    3.0000    50.0000   101.0000  252.0000      354  24.3      -0.54     0.2278    -0.4395
390    0.5000    3.0000    100.0000  127.0000  200.0000      388  34.8      -0.51     0.1617    -0.4417
118    0.3969    3.0000    50.0000   160.0000  200.0000      357  40.6      -0.49     0.0746    -0.4579
397    0.5000    3.0000    25.0000   80.0000   317.0000      262  15.3      -0.51     0.1075    -0.4587
117    0.3969    3.0000    50.0000   127.0000  200.0000      357  34.5      -0.51     0.1118    -0.4603
194    1.0000    3.0000    50.0000   80.0000   317.0000      336  16.4      -0.50     0.0905    -0.4626
396    0.5000    3.0000    25.0000   80.0000   252.0000      262  17.9      -0.54     0.1527    -0.4647
132    0.6300    3.0000    50.0000   160.0000  200.0000      349  40.1      -0.54     0.1579    -0.4698
63     0.3969    3.0000    25.0000   80.0000   200.0000      265  21.1      -0.55     0.1359    -0.4860
50     0.2500    3.0000    31.4980   80.0000   200.0000      304  21.7      -0.58     0.2005    -0.4865
478    0.5000    3.0000    50.0000   127.0000  159.0000      354  38.7      -0.58     0.1707    -0.4934
394    0.5000    3.0000    25.0000   80.0000   159.0000      262  24.4      -0.57     0.1444    -0.4949
111    0.3150    3.0000    50.0000   160.0000  200.0000      361  40.2      -0.56     0.1145    -0.4989
392    0.5000    3.0000    25.0000   80.0000   100.0000      262  32.8      -0.55     0.0984    -0.4989
474    0.5000    3.0000    50.0000   101.0000  317.0000      354  20.1      -0.61     0.2075    -0.5032
361    0.5000    3.0000    39.6850   101.0000  200.0000      324  27.5      -0.59     0.1790    -0.5034
384    0.5000    3.0000    79.3701   160.0000  200.0000      382  40.3      -0.57     0.1143    -0.5097
393    0.5000    3.0000    25.0000   80.0000   126.0000      262  28.2      -0.57     0.1181    -0.5112

========== VWAPStretch top-50 by score ==========
combo  sl_ticks  tp_ticks  cooldown_sec sigma_entry vol_window  trades   wr%  total_pnl   stddev_q      score
147    20.0000   88.0000   300.0000  2.0000    20.0000      6807   0.6     -13.20     2.2009    -4.1249
148    20.0000   88.0000   300.0000  2.0000    25.0000      7293   0.4     -14.27     2.2846    -4.3453
392    40.0000   88.0000   150.0000  2.0000    20.0000     10409   1.4     -39.77     8.1067    -4.3668
154    25.0000   88.0000   300.0000  2.0000    20.0000      6807   0.6     -16.55     2.7698    -4.3913
189    80.0000   88.0000   300.0000  2.0000    20.0000      6807  16.1     -35.99     7.1723    -4.4042
399    40.0000   88.0000   189.0000  2.0000    20.0000      9071   1.4     -34.68     6.7682    -4.4649
393    40.0000   88.0000   150.0000  2.0000    25.0000     11230   1.3     -43.06     8.4727    -4.5461
483    40.0000   88.0000   300.0000  4.0000    20.0000      6573   1.3     -25.17     4.5304    -4.5504
182    63.0000   88.0000   300.0000  2.0000    20.0000      6807   7.2     -35.52     6.7789    -4.5656
406    40.0000   88.0000   238.0000  2.0000    20.0000      7849   1.5     -29.86     5.4923    -4.5993
476    40.0000   88.0000   300.0000  3.1748    20.0000      6665   1.3     -25.53     4.5454    -4.6044
190    80.0000   88.0000   300.0000  2.0000    25.0000      7293  15.9     -38.86     7.4359    -4.6060
161    32.0000   88.0000   300.0000  2.0000    20.0000      6807   0.8     -21.10     3.5695    -4.6173
155    25.0000   88.0000   300.0000  2.0000    25.0000      7293   0.5     -17.86     2.8615    -4.6250
149    20.0000   88.0000   300.0000  2.0000    32.0000      7879   0.3     -15.50     2.3324    -4.6509
469    40.0000   88.0000   300.0000  2.5198    20.0000      6743   1.4     -25.76     4.5168    -4.6687
175    50.0000   88.0000   300.0000  2.0000    20.0000      6807   3.0     -31.18     5.6749    -4.6710
294    40.0000   44.0000   300.0000  2.0000    20.0000      6807   2.8     -25.62     4.4518    -4.7000
322    40.0000   111.0000  300.0000  2.0000    20.0000      6807   1.1     -26.14     4.5589    -4.7025
329    40.0000   140.0000  300.0000  2.0000    20.0000      6807   0.8     -26.24     4.5717    -4.7091
168    40.0000   88.0000   300.0000  2.0000    20.0000      6807   1.4     -26.01     4.5224    -4.7102
462    40.0000   88.0000   300.0000  2.0000    20.0000      6807   1.4     -26.01     4.5224    -4.7102
413    40.0000   88.0000   300.0000  2.0000    20.0000      6807   1.4     -26.01     4.5224    -4.7102
315    40.0000   88.0000   300.0000  2.0000    20.0000      6807   1.4     -26.01     4.5224    -4.7102
400    40.0000   88.0000   189.0000  2.0000    25.0000      9745   1.5     -37.05     6.8646    -4.7106
301    40.0000   55.0000   300.0000  2.0000    20.0000      6807   2.2     -25.77     4.4698    -4.7121
308    40.0000   70.0000   300.0000  2.0000    20.0000      6807   1.7     -25.92     4.4997    -4.7128
336    40.0000   176.0000  300.0000  2.0000    20.0000      6807   0.6     -26.34     4.5881    -4.7140
91     80.0000   88.0000   150.0000  2.0000    40.0000     13376  16.3     -70.48    13.9302    -4.7210
455    40.0000   88.0000   300.0000  1.5874    20.0000      6870   1.4     -26.24     4.5395    -4.7366
183    63.0000   88.0000   300.0000  2.0000    25.0000      7293   7.2     -38.00     7.0189    -4.7392
420    40.0000   88.0000   378.0000  2.0000    20.0000      5869   1.4     -22.43     3.6968    -4.7749
484    40.0000   88.0000   300.0000  4.0000    25.0000      7034   1.4     -26.92     4.6341    -4.7780
448    40.0000   88.0000   300.0000  1.2599    20.0000      6929   1.4     -26.49     4.5203    -4.7982
441    40.0000   88.0000   300.0000  1.0000    20.0000      6974   1.4     -26.60     4.5247    -4.8153
407    40.0000   88.0000   238.0000  2.0000    25.0000      8437   1.5     -32.17     5.6785    -4.8175
84     63.0000   88.0000   150.0000  2.0000    40.0000     13376   6.9     -70.26    13.5484    -4.8291
477    40.0000   88.0000   300.0000  3.1748    25.0000      7140   1.3     -27.36     4.6624    -4.8313
104    20.0000   88.0000   300.0000  4.0000    40.0000      8202   0.3     -16.11     2.3342    -4.8325
49     20.0000   88.0000   150.0000  2.0000    40.0000     13376   0.4     -26.20     4.4022    -4.8501
394    40.0000   88.0000   150.0000  2.0000    32.0000     12303   1.4     -47.06     8.6989    -4.8523
92     80.0000   88.0000   189.0000  2.0000    40.0000     11559  16.3     -60.84    11.4887    -4.8714
176    50.0000   88.0000   300.0000  2.0000    25.0000      7293   3.0     -33.44     5.8553    -4.8784
162    32.0000   88.0000   300.0000  2.0000    25.0000      7293   0.6     -22.79     3.6691    -4.8801
470    40.0000   88.0000   300.0000  2.5198    25.0000      7215   1.3     -27.62     4.6572    -4.8820
191    80.0000   88.0000   300.0000  2.0000    32.0000      7879  16.1     -41.68     7.5039    -4.9012
103    20.0000   88.0000   300.0000  3.1748    40.0000      8324   0.3     -16.39     2.3414    -4.9047
427    40.0000   88.0000   476.0000  2.0000    20.0000      5076   1.6     -19.25     2.9150    -4.9182
295    40.0000   44.0000   300.0000  2.0000    25.0000      7293   2.7     -27.53     4.5862    -4.9274
55     20.0000   88.0000   600.0000  2.0000    40.0000      5339   0.3     -10.49     1.1297    -4.9277
